w1=[ 3.15458846  3.15707421  3.14931273  3.15189576  3.17555642  3.15286326
  3.12954688  3.12556505  3.14604783  3.15354872  3.14262629  3.14693379
  3.15430331  3.14985943  3.15164876  3.14361191  3.15351629  3.14618301
  3.1426959   3.15359211  3.144454    3.14605546  3.15256262  3.3010962
  3.19206119  3.17029381  3.18766356  3.17466593  3.1593926   3.17641187
  3.15347028  3.17561746  3.18648362  3.19490337  3.18043613  3.16667223
  3.1739912   3.16627407  3.19029188  3.17281055  3.17238426  3.1546936
  3.18369818  3.17286015  3.17653012  3.15912056  3.18295908  3.31840467
  2.79086566  2.78339601  2.77833629  2.81565261  2.78732181  2.77077055
  2.77319837  2.76171279  2.78954124  2.79783249  2.78553867  2.774158
  2.78151989  2.77645993  2.7787149   2.78946304  2.79205847  2.77608991
  2.75895619  2.77141404  2.75527668  2.79109597  2.77148199  2.75901175
  2.77986193  2.7717104   2.78910613  2.97038698  3.58969188  3.56464624
  3.57543683  3.5878644   3.58449244  3.56314754  3.57757092  3.57233906
  3.57294559  3.57960606  3.57801557  3.56729507  3.56832004  3.57125807
  3.57323623  3.57419181  3.57327414  3.57124138  3.591645    3.58946633
  3.56640482  3.60025144  3.58342004  3.58983254  3.56903338  3.57914329
  3.59309125  3.56631947  3.57496858  3.57361102  3.59165454  3.57221913
  3.57490659  3.57545233  3.58872485  3.58387017  3.56236935  3.57757473
  3.57809758  3.56858253  3.57793403  3.59086728  3.56919432  3.56263709
  3.57112408  3.59041667  3.57240582  3.57286215  3.57875943  3.59841561
  3.59312797  3.59623694  3.60779214  3.59591603  3.60540771  3.5850029
  3.58999014  3.58268523  3.58345127  3.5839262   3.60245061  3.58326006
  3.58541894  3.57594132  3.59587502  3.59730268  3.59103227  3.59572458
  3.58597183  3.58898258  3.57424402  3.57890654  3.58733654  3.57997608
  3.57742858  3.5824101   3.58314085  3.58314753  3.58042049  3.57298589
  3.58507895  3.59145904  3.59347439  3.57452893  3.59161305  3.60484195
  3.58497214  3.59159541  3.60169435  3.57760787  3.57805228  3.58402967
  3.58448863  3.58407879  3.60080814  3.57824683  3.15674806  3.16557765
  3.15948153  3.16173577  3.16209865  3.13446331  3.13386321  3.15619111
  3.16542864  3.16253829  3.14720416  3.15537143  3.1575141   3.15300965
  3.14988279  3.16029382  3.15132022  3.15308261  3.13941288  3.16405153
  3.16167974  3.14778233  3.15102649  3.29688621  3.16416121  3.1490643
  3.16577721  3.18509483  3.1425705   3.14590025  3.15194607  3.14481139
  3.16699481  3.14532185  3.14661527  3.15925241  3.16342425  3.15611315
  3.1496563   3.15863395  3.14239764  3.15728068  3.16240716  3.17888451
  3.15195632  3.13521791  3.16492414  3.31135511  3.17764425  3.16807199
  3.14937711  3.1552844   3.16098762  3.17051888  3.15245438  3.1647768
  3.14999151  3.16197467  3.16030049  3.16445422  3.16667295  3.17289329
  3.14702487  3.15644407  3.13746023  3.18515038  3.14758706  3.16323781
  3.15240908  3.15074229  3.17134356  3.3134594   3.60066986  3.58695698
  3.57713628  3.58013368  3.59679627  3.5913887   3.60446715  3.58744264
  3.58314133  3.5998764   3.58868337  3.58041239  3.57949924  3.57532144
  3.58360243  3.57572699  3.58598447  3.58227515  3.59861875  3.58837557
  3.60023212  3.59428787  3.5874424   3.60751319  3.5986073   3.58366489
  3.58743024  3.58330441  3.57861567  3.58184481  3.58331084  3.57653189
  3.58744693  3.59816861  3.58293939  3.59874487  3.58989692  3.58990288
  3.59217262  3.57581043  3.58103943  3.58200479  3.6011579   3.57734013
  3.57837486  3.57613373  3.60017061  3.57522321  2.79044485  2.78502154
  2.77627468  2.77718353  2.79175234  2.75795579  2.76604724  2.75885105
  2.77108312  2.78371596  2.77160931  2.7778573   2.77831721  2.79363585
  2.78143859  2.77511549  2.77533722  2.79711103  2.79400778  2.7766571
  2.7704494   2.79494882  2.81593108  2.79665732  2.77200198  2.77863359
  2.79077506  2.97986174  3.17627859  3.16039443  3.19264746  3.1683197
  3.15892935  3.14588547  3.15923643  3.16269469  3.15607882  3.16914201
  3.16128373  3.15123892  3.16398978  3.15623975  3.16766024  3.16479111
  3.16190362  3.16717458  3.19115615  3.15740085  3.16365433  3.14948797
  3.17275333  3.31308007  3.165658    3.14733696  3.14583087  3.15678596
  3.17335176  3.14166975  3.13945127  3.13371825  3.15932989  3.15671587
  3.15271091  3.14638472  3.14954209  3.14998984  3.15060616  3.1517067
  3.13268518  3.14565969  3.16860533  3.12998128  3.15258908  3.1375525
  3.15575457  3.30566621]
w2=[ 2.25939894  2.23776698  2.27685547  2.27160525  2.29334307  2.24443388
  2.1744504   2.23051882  2.27379227  2.34093094  2.31486058  2.336514
  2.28816056  2.31298399  2.22958064  2.22019649  2.30467296  2.30312157
  2.31498265  2.27470875  2.30300188  2.22866488  2.27276444  2.29168057
  2.26672959  2.27327538  2.23049974  2.24198103  2.28151488  2.30426717
  2.32123208  2.27042317  2.3021903   2.3225739   2.2948432   2.22621036
  2.17615771  2.23193526  2.26808119  2.29399467  2.29077721  2.27189231
  2.30841684  2.27466702  2.2619276   2.0204649   2.02375174  2.0077796
  2.10369039  2.10641861  2.102952    2.11153078  2.10952306  2.1090703
  2.02205253  2.02165461  2.02239776  2.11001444  2.11046576  2.11170626
  2.00898719  2.02249289  2.02212596]
